6 0.6525 0.38583333359374994 0.32874999999999993 0.05166666718749996
8 0.643125 0.4958333335937499 0.24125000000000008 0.056666667187499964
1 0.676875 0.545 0.15500000000000003 0.040000000000000036
5 0.515 0.59916666640625 0.07000000000000006 0.038333332812500065
9 0.76375 0.60833333359375 0.135 0.048333332812500074
2 0.335 0.815 0.10499999999999998 0.03833333437499997
10 0.63375 0.665 0.27625 0.04833333437499998
10 0.650625 0.70166666640625 0.135 0.04333333281250007
0 0.6575 0.74666666640625 0.25250000000000006 0.04333333281250007
0 0.64875 0.79416666640625 0.14500000000000002 0.04333333281250007
