6 0.624375 0.39333333281249994 0.33625 0.05499999999999999
8 0.606875 0.48833333359375 0.23624999999999996 0.05666666718750002
1 0.651875 0.5525 0.14124999999999988 0.04999999999999993
5 0.483125 0.6074999999999999 0.06250000000000006 0.04500000000000004
9 0.75125 0.6116666671875 0.125 0.050000000000000044
2 0.298125 0.84 0.12875 0.04166666562499999
10 0.596875 0.67583333359375 0.27375000000000005 0.04833333281249996
10 0.635625 0.72083333359375 0.20999999999999996 0.04833333281249996
0 0.61625 0.7658333328125 0.26999999999999996 0.050000000000000044
0 0.6381249999999999 0.8308333335937501 0.38749999999999996 0.061666667187500024
