6 0.57038076171875 0.45182692343749997 0.3117434859375 0.05750000000000005
8 0.4783567140625 0.574615384375 0.3381563125 0.05865384687499997
1 0.6491983968749999 0.6450961539062501 0.1594388781249999 0.05543269218750002
5 0.50975951953125 0.69177884609375 0.06695390781249988 0.04860577031249991
9 0.8572545093749999 0.69497596171875 0.13068136249999995 0.055024039062500085
10 0.65286573125 0.75206730703125 0.16278557187499998 0.05300480781249994
10 0.4299398796875 0.8107451929687499 0.247995990625 0.05418269218750005
0 0.75539078125 0.86201923046875 0.18747494999999992 0.060576923437499985
0 0.51092184375 0.9215144234374999 0.4199599187500001 0.06336538437500006
2 0.1756312625 0.94375 0.17154308750000002 0.04454326874999981
11 0.85 0.19296875 0.1421875 0.2140625