6 0.623125 0.38 0.3225 0.056666665624999946
8 0.610625 0.47833333359374997 0.22999999999999998 0.04666666718750001
1 0.635 0.5416666671874999 0.12624999999999997 0.04500000000000004
5 0.47624999999999995 0.5941666664062499 0.06124999999999997 0.03333333281249995
9 0.724375 0.6008333328125001 0.11375000000000002 0.050000000000000044
2 0.321875 0.80916666640625 0.09625 0.0466666671874999
10 0.5862499999999999 0.6583333328125001 0.25625 0.05500000000000005
0 0.6675 0.7441666664062501 0.3487499999999999 0.05833333281249997
0 0.606875 0.79083333359375 0.18125000000000002 0.04333333281250007
10 0.62375 0.7 0.1612499999999999 0.03833333437499997
