6 0.5283333328125 0.43085106328125 0.24999999999999994 0.05585106406250001
8 0.43583333281250003 0.5252659578125001 0.21500000000000008 0.04787234062500001
1 0.59583333359375 0.5704787234375 0.12833333281249992 0.050531915625000035
5 0.48083333281249996 0.6183510640625001 0.05499999999999994 0.045212765624999984
9 0.7558333335937499 0.60505319140625 0.11166666718750007 0.055851064062499955
2 0.21083333359375 0.8058510632812501 0.10333333281250001 0.03723404218750004
10 0.42916666640625 0.70079787265625 0.22833333281250007 0.05053191406250013
0 0.6733333335937499 0.74468085078125 0.13333333281250004 0.05319148906250004
0 0.54416666640625 0.796542553125 0.44166666718750003 0.05319149062499995
10 0.63333333359375 0.65691489375 0.2033333328125 0.05319149062500006
11 0.759375 0.228125 0.121875 0.1546875