6 0.67875 0.37 0.31625000000000003 0.05833333437499999
8 0.6599999999999999 0.46499999999999997 0.2587499999999999 0.044999999999999984
1 0.6925 0.5241666664062501 0.13250000000000006 0.041666667187500006
5 0.538125 0.575 0.05874999999999997 0.03833333437499997
9 0.77 0.5800000000000001 0.10875000000000012 0.04500000000000004
2 0.369375 0.77666666640625 0.11749999999999994 0.041666667187500006
10 0.6643749999999999 0.6366666671875 0.29249999999999987 0.050000000000000044
10 0.671875 0.6758333335937501 0.19250000000000012 0.0466666671874999
0 0.630625 0.7166666671874999 0.1712499999999999 0.039999999999999925
0 0.6575 0.7583333328124999 0.49500000000000005 0.04999999999999993
