6 0.6437499999999999 0.3758333328125 0.3525 0.06499999999999995
8 0.639375 0.45999999999999996 0.24875000000000003 0.06333333437500005
1 0.66875 0.5458333328125 0.15625 0.04999999999999993
5 0.48625 0.60166666640625 0.0675 0.041666667187499895
9 0.7725 0.6066666664062501 0.12875000000000003 0.051666667187500015
2 0.2925 0.8525 0.1325 0.04333333437499998
10 0.611875 0.67583333359375 0.3075 0.05666666718750002
10 0.649375 0.7216666671875 0.22624999999999995 0.04500000000000004
0 0.669375 0.7741666671875 0.31499999999999995 0.05500000000000016
0 0.6499999999999999 0.8350000000000001 0.36750000000000005 0.053333334374999986
