6 0.565 0.44946808515625 0.318333334375 0.08244680781250002
8 0.48 0.5784574468749999 0.35333333437500003 0.06914893749999995
1 0.6575 0.6529255320312499 0.15833333437499997 0.0452127671875
5 0.49833333359375 0.6888297867187501 0.05333333281250002 0.05319148906249993
9 0.87666666640625 0.70478723359375 0.12833333281250003 0.055851064062499955
2 0.22 0.9095744679687501 0.126666665625 0.05319148906250004
10 0.6633333328125 0.763297871875 0.18000000000000005 0.06117021249999999
10 0.5383333335937499 0.82180851015625 0.46166666718749994 0.07180851093749985
0 0.7866666671875 0.8882978718749999 0.2250000000000001 0.0638297874999999
0 0.5833333335937501 0.9454787234375 0.5683333328125 0.07446808437499985
11 0.8625 0.1984375 0.140625 0.2296875