6 0.589375 0.3675 0.32499999999999996 0.04833333437499998
8 0.606875 0.4458333328124999 0.28250000000000003 0.04999999999999999
1 0.610625 0.5175000000000001 0.13624999999999998 0.04166666562500004
5 0.451875 0.5816666671874999 0.058750000000000024 0.03500000000000003
9 0.704375 0.5808333328124999 0.11624999999999996 0.04500000000000004
2 0.289375 0.79583333359375 0.11374999999999999 0.03333333281249995
10 0.541875 0.6366666664062499 0.14625 0.04333333281249996
10 0.630625 0.675 0.40125000000000005 0.04333333437500009
0 0.5425 0.72833333359375 0.13875000000000004 0.04666666718750001
0 0.5962500000000001 0.77166666640625 0.4112500000000001 0.05666666718750002
