6 0.648125 0.3675 0.32375 0.05833333437499999
8 0.688125 0.46 0.25125 0.04833333437499998
1 0.671875 0.5225 0.15124999999999988 0.050000000000000044
5 0.500625 0.585 0.0462499999999999 0.03833333437499997
9 0.760625 0.58416666640625 0.11499999999999999 0.04666666718750001
2 0.34375 0.79666666640625 0.12125000000000008 0.028333332812499945
10 0.6112500000000001 0.6408333328125 0.24375000000000002 0.050000000000000044
0 0.65875 0.7275 0.26625 0.04500000000000004
10 0.653125 0.6824999999999999 0.21250000000000002 0.04833333437499998
0 0.651875 0.7716666664062499 0.45499999999999985 0.048333332812500074
