6 0.560470325 0.4586614171875 0.27323628125000005 0.057480315624999945
8 0.48936170156250003 0.5531496062500001 0.29283314687500006 0.04881889687499996
1 0.64109742421875 0.59960629921875 0.14053751406250004 0.04330708593749999
5 0.507558790625 0.63425196875 0.05095184687500004 0.04251968437499998
9 0.8152295632812501 0.6350393703124999 0.11982082968750019 0.05984251874999991
2 0.28555431171875 0.7834645664062501 0.11366181406249998 0.03070866093750002
10 0.55907054921875 0.720472440625 0.4199328109375 0.04409448750000011
0 0.69400895859375 0.76299212578125 0.08622620468749997 0.04015747968749994
0 0.5447928328125 0.8070866140624999 0.38857782812499997 0.0496063000000001
10 0.64277715546875 0.6803149609375 0.14613661718750004 0.0440944875
11 0.80859375 0.2640625 0.121875 0.1796875