6 0.5769690265625 0.45023872656249997 0.350486725 0.07119363437500009
8 0.47623893828125 0.5835543765625 0.37261062031250003 0.06421750625
1 0.6654646015625 0.6589389921875 0.173495575 0.04466843437500001
9 0.89426991171875 0.71618037109375 0.14672566406249998 0.058647214062500064
5 0.5117699109375 0.7147745359375 0.07568584062499994 0.04745358124999999
10 0.6701106195312501 0.7789920421875 0.18280973593749994 0.05864721562499997
10 0.42502212421875 0.8418302390625001 0.2724778765625001 0.06421750625
0 0.7836504421875 0.90673740078125 0.20261061874999986 0.0628116703124999
0 0.5152433625 0.96907161796875 0.44829645937500007 0.06185676406250007
2 0.14612831874999999 0.983740053125 0.189800884375 0.03251989374999997
11 0.8859375 0.16328125 0.1546875 0.24375