6 0.61375 0.38833333281250004 0.3424999999999999 0.05499999999999999
8 0.599375 0.48666666640625 0.22499999999999998 0.04833333281249996
1 0.634375 0.5491666671875 0.14375000000000004 0.04500000000000004
5 0.46437500000000004 0.6125 0.04249999999999998 0.03666666562499998
9 0.719375 0.6 0.12250000000000005 0.050000000000000044
2 0.2975 0.83083333359375 0.12000000000000005 0.03333333281249984
10 0.674375 0.7091666671875 0.13875000000000004 0.040000000000000036
0 0.6231249999999999 0.7550000000000001 0.27999999999999997 0.04500000000000004
0 0.593125 0.8049999999999999 0.3675 0.05499999999999983
10 0.595 0.6733333335937499 0.295 0.048333332812500074
