6 0.635 0.36416666640625 0.3600000000000001 0.06333333281249998
8 0.63625 0.4733333328125 0.35250000000000004 0.050000000000000044
1 0.68875 0.53916666640625 0.15374999999999994 0.048333332812500074
5 0.49624999999999997 0.6008333328125 0.052499999999999936 0.04500000000000004
9 0.77375 0.59583333359375 0.12624999999999997 0.04166666718750012
2 0.29625 0.8316666671875 0.12124999999999997 0.03499999999999992
10 0.5393749999999999 0.6541666671875 0.16499999999999998 0.050000000000000044
10 0.640625 0.7050000000000001 0.30000000000000004 0.05500000000000005
0 0.593125 0.7458333335937499 0.2037500000000001 0.038333332812500065
0 0.6225 0.7949999999999999 0.47375 0.05666666562499989
